-0.1 -0.1 0.1269947703933931 0.1269358539897901 0.09516258196404043
-0.1 -0.08 0.1206169078327683 0.1205617209845593 0.08602311778870233
-0.1 -0.06 0.1142970457832842 0.1142457130849482 0.07669902418989586
-0.1 -0.04 0.1080484926025368 0.1080018585457416 0.06718657140585861
-0.1 -0.02 0.1018846043397345 0.1018437386671274 0.05748195432864257
-0.1 0 0.09581980184464249 0.09578585977256239 0.04758129098202022
-0.1 0.02 0.08987080100969062 0.08984303801209659 0.03748062096864231
-0.1 0.04 0.08405238306140365 0.08402920949881585 0.0271759038858261
-0.1 0.06 0.07837878320396288 0.07835917530086018 0.0166630177093404
-0.1 0.08 0.0728622950791075 0.07284690384383238 0.005937757144540936
-0.1 0.1 0.067518488100771 0.06750527115153376 0

-0.08 -0.1 0.1210970679946407 0.121041326353374 0.08602311778870233
-0.08 -0.08 0.1148963324936949 0.1148444570498155 0.07688365361336422
-0.08 -0.06 0.1087608916604782 0.1087123047945019 0.06755956001455776
-0.08 -0.04 0.1027018650820979 0.1026585945393334 0.05804710723052051
-0.08 -0.02 0.09673322368922155 0.09669652841078354 0.04834249015330446
-0.08 0 0.09087045601059221 0.09084015183338933 0.03844182680668211
-0.08 0.02 0.08512922772836965 0.08510374649666356 0.0283411567933042
-0.08 0.04 0.07952260268066298 0.07950055191020757 0.018036439710488
-0.08 0.06 0.07406247179411433 0.07404455952519452 0.007523553534002298
-0.08 0.08 0.06876390112275343 0.06874897656798435 0
-0.08 0.1 0.06363893510964424 0.06362582850341788 0

-0.06 -0.1 0.1152803627675044 0.1152272267801829 0.07669902418989586
-0.06 -0.08 0.1092631055598752 0.1092129404879732 0.06755956001455776
-0.06 -0.06 0.1033153182863056 0.1032695877407243 0.05823546641575129
-0.06 -0.04 0.09745015171258491 0.09741053931925129 0.04872301363171404
-0.06 -0.02 0.09168150247150132 0.09164858483249998 0.039018396554498
-0.06 0 0.08602552673859311 0.08599726622774371 0.02911773320787565
-0.06 0.02 0.08049453619538629 0.08047027940657935 0.01901706319449774
-0.06 0.04 0.07510063400261807 0.07508013647503134 0.008712346111681532
-0.06 0.06 0.06985725882015203 0.06983998562606172 0
-0.06 0.08 0.06477705738858444 0.06476224098683414 0
-0.06 0.1 0.05987203858560321 0.059858075871493 0

-0.04 -0.1 0.1095558606412101 0.1095040080721344 0.06718657140585861
-0.04 -0.08 0.1037245896413719 0.1036771578246268 0.05804710723052051
-0.04 -0.06 0.0979690583421804 0.09792706049111647 0.04872301363171404
-0.04 -0.04 0.09230242221124951 0.0922666814925425 0.03921056084767679
-0.04 -0.02 0.08673888192287528 0.08670836368153554 0.02950594377046075
-0.04 0 0.08129202675984868 0.08126510239795837 0.0196052804238384
-0.04 0.02 0.07597319282049246 0.07594995641466804 0.009504610410460491
-0.04 0.04 0.07079431169234123 0.07077468116964232 0
-0.04 0.06 0.06576849312246872 0.0657515494816123 0
-0.04 0.08 0.06090757361589795 0.06089215038408454 0
-0.04 0.1 0.05622106636715134 0.05620681374197031 0

-0.02 -0.1 0.1039302005256604 0.1038815909962118 0.05748195432864257
-0.02 -0.08 0.09829020655607966 0.0982465721179744 0.04834249015330446
-0.02 -0.06 0.09273226606358863 0.0926936898649509 0.039018396554498
-0.02 -0.04 0.08726837703616693 0.08723545310941359 0.02950594377046075
-0.02 -0.02 0.0819129055604645 0.08188372370889036 0.0198013266932447
-0.02 0 0.07667699583726672 0.07665090726568661 0.009900663346622349
-0.02 0.02 0.07157154685303335 0.07154937408309575 0
-0.02 0.04 0.06660896187454515 0.06659012042806371 0
-0.02 0.06 0.06180132603049359 0.06178453839055567 0
-0.02 0.08 0.05715876359060956 0.05714335991596022 0
-0.02 0.1 0.05269004148183382 0.05267608012141882 0

0 -0.1 0.09841466215372633 0.098369000604219 0.04758129098202022
0 -0.08 0.09297081232326858 0.09292974854034085 0.03844182680668211
0 -0.06 0.08761329883590284 0.08757755569729593 0.02911773320787565
0 -0.04 0.08235642371299278 0.08232442320984589 0.0196052804238384
0 -0.02 0.07721058197714488 0.07718169769750595 0.009900663346622349
0 0 0.07218669949575161 0.07216115189228762 0
0 0.02 0.06729562221911743 0.06727441628709675 0
0 0.04 0.06255034137352785 0.06253174282270891 0
0 0.06 0.05796033851787055 0.05794365485363487 0
0 0.08 0.05353435734555781 0.0535199952426844 0
0 0.1 0.04928194157787419 0.04926943314202317 0

0.02 -0.1 0.0930192241949896 0.09297594363227219 0.03748062096864231
0.02 -0.08 0.08777413653495133 0.08773585202698617 0.0283411567933042
0.02 -0.06 0.08262229700785044 0.08258725317079044 0.01901706319449774
0.02 -0.04 0.07757317796645472 0.07754158927200809 0.009504610410460491
0.02 -0.02 0.07263806970638242 0.07260965746266951 0
0.02 0 0.06782638507764792 0.06780255446763336 0
0.02 0.02 0.06315161612415764 0.06313111962859407 0
0.02 0.04 0.05862208879578062 0.05860489481947534 0
0.02 0.06 0.05424818083042388 0.05423356606710203 0
0.02 0.08 0.05003898590326582 0.05002605515724426 0
0.02 0.1 0.04599917245549121 0.04599021418935112 0

0.04 -0.1 0.08775225350391091 0.08771129587713731 0.0271759038858261
0.04 -0.08 0.08271116928437253 0.08267318471192878 0.018036439710488
0.04 -0.06 0.07776481030767792 0.07773047675429674 0.008712346111681532
0.04 -0.04 0.0729245980624506 0.07289400409719672 0
0.04 -0.02 0.06820024145662097 0.06817398013561798 0
0.04 0 0.06360322989620515 0.06358078245035455 0
0.04 0.02 0.05914225836103371 0.05912440789106556 0
0.04 0.04 0.05482862206741107 0.05481376281465428 0
0.04 0.06 0.05067089891433962 0.05065776761854117 0
0.04 0.08 0.04667334264633256 0.04666439101699585 0
0.04 0.1 0.04284455198239868 0.04284067697066984 0

0.06 -0.1 0.08262445361166967 0.0825832699795408 0.0166630177093404
0.06 -0.08 0.07778619418438544 0.07774934841614489 0.007523553534002298
0.06 -0.06 0.0730472880015693 0.07301419269687771 0
0.06 -0.04 0.06841656302269102 0.06838798843327716 0
0.06 -0.02 0.06390430448217659 0.06388033929598166 0
0.06 0 0.0595195955623695 0.05950087587767512 0
0.06 0.02 0.05527379111840564 0.05525872535418677 0
0.06 0.04 0.05117511730497247 0.05116220684458736 0
0.06 0.06 0.04722807696037786 0.04721952458505676 0
0.06 0.08 0.04344174206751717 0.04343768679522856 0
0.06 0.1 0.03982224054168492 0.03982294518267458 0

0.08 -0.1 0.0776394999102011 0.07759988900417577 0.005937757144540936
0.08 -0.08 0.07300719653627242 0.07297162645450648 0
0.08 -0.06 0.06847597100050561 0.06844492268285368 0
0.08 -0.04 0.06405482328469301 0.06402931668699141 0
0.08 -0.02 0.05975371890087265 0.0597337966225004 0
0.08 0 0.0555824875977128 0.05556725563247091 0
0.08 0.02 0.05154974865669329 0.05153798309251264 0
0.08 0.04 0.04766123956243647 0.04765364996361849 0
0.08 0.06 0.04392536419258647 0.04392169446629909 0
0.08 0.08 0.04034743228360863 0.0403482169656562 0
0.08 0.1 0.03693413659244571 0.03693870984407485 0

0.1 -0.1 0.07280626762350008 0.07276835898653794 0
0.1 -0.08 0.06837992364852298 0.06834658149563748 0
0.1 -0.06 0.0640558350312622 0.06402856727577314 0
0.1 -0.04 0.05984430744371246 0.05982321022559536 0
0.1 -0.02 0.05575418348783439 0.05573887811294777 0
0.1 0 0.05179407257125295 0.05178373786905081 0
0.1 0.02 0.04797170140366126 0.04796527562724161 0
0.1 0.04 0.04429343322763269 0.04429048364790041 0
0.1 0.06 0.0407653735296807 0.0407660151080979 0
0.1 0.08 0.03739280443988191 0.03739711788865542 0
0.1 0.1 0.03418038191895711 0.03418855874930845 0

