-0.1 -0.1 0.1135385242880771 0.1135403338377037 0.09516258196404043
-0.1 -0.08 0.1099877244477647 0.1099896951060195 0.08602311778870233
-0.1 -0.06 0.1063977929685726 0.106399933755499 0.07669902418989586
-0.1 -0.04 0.1027742981730534 0.1027766260567598 0.06718657140585861
-0.1 -0.02 0.09912318089339646 0.09912572979323415 0.05748195432864257
-0.1 0 0.09545080930450396 0.0954535406368743 0.04758129098202022
-0.1 0.02 0.09176370426102768 0.09176659082799825 0.03748062096864231
-0.1 0.04 0.08806881242105201 0.08807184249447436 0.0271759038858261
-0.1 0.06 0.08437328644799275 0.0843764654385369 0.0166630177093404
-0.1 0.08 0.08068449911714096 0.08068778529441276 0.005937757144540936
-0.1 0.1 0.07701028784209214 0.07701350862825588 0

-0.08 -0.1 0.1067609670587989 0.1067629828050949 0.08602311778870233
-0.08 -0.08 0.1033435236549419 0.1033456948234986 0.07688365361336422
-0.08 -0.06 0.09989135826480706 0.09989374195451315 0.06755956001455776
-0.08 -0.04 0.09641012742058878 0.09641270150292207 0.05804710723052051
-0.08 -0.02 0.09290577097268789 0.09290850895003968 0.04834249015330446
-0.08 0 0.08938453058677827 0.08938741507284945 0.03844182680668211
-0.08 0.02 0.08585286386206475 0.08585587087045794 0.0283411567933042
-0.08 0.04 0.08231760920301988 0.0823207229392083 0.018036439710488
-0.08 0.06 0.07878582379391769 0.07878900700671997 0.007523553534002298
-0.08 0.08 0.07526472259238625 0.07526787160625644 0
-0.08 0.1 0.07176166794492222 0.07176479598390077 0

-0.06 -0.1 0.1001807751423754 0.1001830312867792 0.07669902418989586
-0.06 -0.08 0.09689908869365784 0.09690152274386879 0.06755956001455776
-0.06 -0.06 0.0935870373847069 0.09358965349340388 0.05823546641575129
-0.06 -0.04 0.09025022547331241 0.09025297913663305 0.04872301363171404
-0.06 -0.02 0.08689452205117844 0.08689738660871705 0.039018396554498
-0.06 0 0.08352607218660636 0.08352905277748096 0.02911773320787565
-0.06 0.02 0.08015127493078691 0.08015432077271265 0.01901706319449774
-0.06 0.04 0.07677684726611782 0.07677989207149278 0.008712346111681532
-0.06 0.06 0.07340953168359455 0.0734126395042948 0
-0.06 0.08 0.07005638496364887 0.07005951228054511 0
-0.06 0.1 0.06672452968138882 0.06672774183991513 0

-0.04 -0.1 0.09380763814035135 0.09381015203445942 0.06718657140585861
-0.04 -0.08 0.0906636823684554 0.09066633718584854 0.05804710723052051
-0.04 -0.06 0.08749352838531248 0.08749629373354342 0.04872301363171404
-0.04 -0.04 0.08430270305136611 0.08430553269299241 0.03921056084767679
-0.04 -0.02 0.08109695498626033 0.08109986611934853 0.02950594377046075
-0.04 0 0.07788238792092107 0.07788536795580276 0.0196052804238384
-0.04 0.02 0.07466520429854901 0.07466824884114637 0.009504610410460491
-0.04 0.04 0.07145196701298914 0.0714550375547316 0
-0.04 0.06 0.06824920863310696 0.06825241522822544 0
-0.04 0.08 0.06506382745904045 0.06506711078192666 0
-0.04 0.1 0.06190281887615454 0.06190608935816891 0

-0.02 -0.1 0.08765041609937776 0.08765308849274381 0.05748195432864257
-0.02 -0.08 0.08464560046387528 0.08464834984429516 0.04834249015330446
-0.02 -0.06 0.0816185005191467 0.08162132368338881 0.039018396554498
-0.02 -0.04 0.07857460508736921 0.0785774534673438 0.02950594377046075
-0.02 -0.02 0.07551949422827258 0.07552244998149906 0.0198013266932447
-0.02 0 0.07245919411100525 0.07246225522812793 0.009900663346622349
-0.02 0.02 0.06939976890030114 0.06940292841951698 0
-0.02 0.04 0.06634755606402894 0.06635080374677931 0
-0.02 0.06 0.06330901866300264 0.06331234185422617 0
-0.02 0.08 0.06029074994854823 0.06029403118630394 0
-0.02 0.1 0.0572993352743448 0.05730255333237872 0

0 -0.1 0.08171684599838531 0.08171957342242184 0.04758129098202022
0 -0.08 0.07885195537265934 0.07885475012074412 0.03844182680668211
0 -0.06 0.0759684846970467 0.07597137072772213 0.02911773320787565
0 -0.04 0.0730717439892454 0.07307478816924671 0.0196052804238384
0 -0.02 0.0701674381505501 0.07017058557042703 0.009900663346622349
0 0 0.06726131763400372 0.06726454397633525 0
0 0.02 0.06435927794765628 0.06436256138514931 0
0 0.04 0.06146741637012021 0.06147076465713668 0
0 0.06 0.05859202898363639 0.05859536516070356 0
0 0.08 0.05573929994340398 0.05574259069249212 0
0 0.1 0.05291544961043172 0.05291882205678733 0

0.02 -0.1 0.07601337998483448 0.07601623430723192 0.03748062096864231
0.02 -0.08 0.07328860550363206 0.07329160711165612 0.0283411567933042
0.02 -0.06 0.07054880101897051 0.07055193168163811 0.01901706319449774
0.02 -0.04 0.06779927707247804 0.06780244884300489 0.009504610410460491
0.02 -0.02 0.06504535035054292 0.06504859248426679 0
0.02 0 0.06229259836785738 0.06229596192405198 0
0.02 0.02 0.05954687461593194 0.05955027515640651 0
0.02 0.04 0.05681403249723328 0.05681743267686532 0
0.02 0.06 0.05409991410580346 0.05410337859575691 0
0.02 0.08 0.0514105269924924 0.05141406495055601 0
0.02 0.1 0.04875189487876466 0.04875555743963908 0

0.04 -0.1 0.07054549955777558 0.07054860704009191 0.0271759038858261
0.04 -0.08 0.06796071079426112 0.06796389661653522 0.018036439710488
0.04 -0.06 0.06536414471676225 0.06536741052374619 0.008712346111681532
0.04 -0.04 0.06276087268955625 0.06276425732419469 0
0.04 -0.02 0.06015620048429468 0.06015970490789642 0
0.04 0 0.05755561103251855 0.05755915834483349 0
0.04 0.02 0.05496457327951629 0.05496812819843056 0
0.04 0.04 0.05238866971057394 0.05239226364027568 0
0.04 0.06 0.04983355021798948 0.04983723434682378 0
0.04 0.08 0.04730496428052695 0.04730870659083051 0
0.04 0.1 0.04480853034743028 0.04481241962721032 0

0.06 -0.1 0.06531771680573454 0.06532100891022522 0.0166630177093404
0.06 -0.08 0.0628719692164583 0.06287538737242831 0.007523553534002298
0.06 -0.06 0.06041744397848892 0.0604210184113991 0
0.06 -0.04 0.05795921070648813 0.057962858167282 0
0.06 -0.02 0.05550233374018383 0.05550599177241923 0
0.06 0 0.05305193296302861 0.05305561752594478 0
0.06 0.02 0.05061333618185179 0.05061702007901811 0
0.06 0.04 0.04819185563463399 0.04819558126491197 0
0.06 0.06 0.04579285452617472 0.04579668915041171 0
0.06 0.08 0.04342174754090467 0.04342571460533053 0
0.06 0.1 0.04108393254928305 0.04108805968829411 0

0.08 -0.1 0.06033290676298571 0.06033656818526126 0.005937757144540936
0.08 -0.08 0.05802492702552265 0.05802866463412052 0
0.08 -0.06 0.05571105379818547 0.05571479176710395 0
0.08 -0.04 0.05339600581955358 0.05339973530783659 0
0.08 -0.02 0.05108468481782161 0.0510883822133622 0
0.08 0 0.04878194021345463 0.04878571151345491 0
0.08 0.02 0.04649289103318652 0.046496769574657 0
0.08 0.04 0.04422268751723193 0.04422666102367485 0
0.08 0.06 0.04197639408166025 0.04198048545260896 0
0.08 0.08 0.03975908668334429 0.03976331109579308 0
0.08 0.1 0.03757578949880658 0.03758019578831647 0

0.1 -0.1 0.05559342138695618 0.05559717780290864 0
0.1 -0.08 0.05342134924796165 0.05342509050184258 0
0.1 -0.06 0.05124580484342377 0.05124956187380218 0
0.1 -0.04 0.04907135204456371 0.04907519267637282 0
0.1 -0.02 0.04690270247613941 0.04690665840839688 0
0.1 0 0.0447446879497698 0.044748706369488 0
0.1 0.02 0.04260206972555335 0.0426061330476441 0
0.1 0.04 0.04047954021990653 0.04048375683179948 0
0.1 0.06 0.03838206148076512 0.03838638246906663 0
0.1 0.08 0.03631437075526739 0.03631877203485857 0
0.1 0.1 0.03428119356574496 0.03428563785239463 0

