-0.1 -0.1 0.1343519686178599 0.1343502139386026 0.09516258196404043
-0.1 -0.08 0.1282472453670906 0.1282453693730877 0.08602311778870233
-0.1 -0.06 0.1221897904061196 0.1221881463628775 0.07669902418989586
-0.1 -0.04 0.1161904219289772 0.1161890149912125 0.06718657140585861
-0.1 -0.02 0.1102602818101273 0.1102587792871325 0.05748195432864257
-0.1 0 0.1044105429791256 0.1044092049238235 0.04758129098202022
-0.1 0.02 0.09865271042981568 0.09865142216572466 0.03748062096864231
-0.1 0.04 0.09299818837908009 0.09299715836176451 0.0271759038858261
-0.1 0.06 0.08745836805085541 0.08745731216832921 0.0166630177093404
-0.1 0.08 0.0820444621415259 0.08204337608881848 0.005937757144540936
-0.1 0.1 0.07676754717850996 0.07676674739168776 0

-0.08 -0.1 0.1286775672033612 0.1286757935275376 0.08602311778870233
-0.08 -0.08 0.1227364410288424 0.1227346582140307 0.07688365361336422
-0.08 -0.06 0.1168475316487476 0.1168459840083932 0.06755956001455776
-0.08 -0.04 0.1110214575750575 0.1110200728894729 0.05804710723052051
-0.08 -0.02 0.1052688628831222 0.1052677713000715 0.04834249015330446
-0.08 0 0.0996007389876706 0.0995995440129646 0.03844182680668211
-0.08 0.02 0.09402806905587672 0.09402676067820407 0.0283411567933042
-0.08 0.04 0.08856177236953802 0.0885607625978866 0.018036439710488
-0.08 0.06 0.08321272172504947 0.08321166945449266 0.007523553534002298
-0.08 0.08 0.07799165187690136 0.0779906091734878 0
-0.08 0.1 0.07290884070688344 0.07290800375618898 0

-0.06 -0.1 0.1230689122359944 0.1230672566105755 0.07669902418989586
-0.06 -0.08 0.1172953526338856 0.1172939998142627 0.06755956001455776
-0.06 -0.06 0.111578712651264 0.1115772759879224 0.05823546641575129
-0.06 -0.04 0.1059291674303295 0.1059278061025342 0.04872301363171404
-0.06 -0.02 0.1003571909490045 0.1003561508210599 0.039018396554498
-0.06 0 0.09487331095638364 0.09487208238832913 0.02911773320787565
-0.06 0.02 0.08948798396652972 0.08948680120647528 0.01901706319449774
-0.06 0.04 0.08421171579312795 0.08421064040931882 0.008712346111681532
-0.06 0.06 0.07905485525429863 0.07905376743677741 0
-0.06 0.08 0.07402746633406614 0.07402650222552908 0
-0.06 0.1 0.06913929150491187 0.06913846856854837 0

-0.04 -0.1 0.1175342222433942 0.1175325610221114 0.06718657140585861
-0.04 -0.08 0.1119318689251407 0.1119304921575108 0.05804710723052051
-0.04 -0.06 0.1063907381806007 0.106389332065026 0.04872301363171404
-0.04 -0.04 0.1009207917240403 0.1009195690590408 0.03921056084767679
-0.04 -0.02 0.09553205390192048 0.09553095872384166 0.02950594377046075
-0.04 0 0.09023458110291549 0.09023338637241301 0.0196052804238384
-0.04 0.02 0.08503841955801111 0.08503733946963736 0.009504610410460491
-0.04 0.04 0.07995354911533373 0.07995254584686029 0
-0.04 0.06 0.07498982386001335 0.07498900105181079 0
-0.04 0.08 0.07015663513389812 0.07015583749263574 0
-0.04 0.1 0.06546321879084064 0.06546242676216128 0

-0.02 -0.1 0.1120815371494296 0.1120801055240881 0.05748195432864257
-0.02 -0.08 0.1066536772245037 0.106652349542072 0.04834249015330446
-0.02 -0.06 0.1012911027526612 0.1012897480915344 0.039018396554498
-0.02 -0.04 0.09600332281772021 0.09600211518402371 0.02950594377046075
-0.02 -0.02 0.09079999156746033 0.090798913891584 0.0198013266932447
-0.02 0 0.0856906982507485 0.08568984875343209 0.009900663346622349
-0.02 0.02 0.08068507098413274 0.08068418451231485 0
-0.02 0.04 0.07579261242117864 0.07579167644317709 0
-0.02 0.06 0.07102246624656995 0.0710218064777407 0
-0.02 0.08 0.06638363755210417 0.06638290019947232 0
-0.02 0.1 0.0618846236391237 0.06188386080115604 0

0 -0.1 0.1067188664803796 0.1067175482938217 0.04758129098202022
0 -0.08 0.1014684668951005 0.1014672304032743 0.03844182680668211
0 -0.06 0.09628695743249698 0.09628591266723024 0.02911773320787565
0 -0.04 0.09118349229572039 0.09118235449960699 0.0196052804238384
0 -0.02 0.0861672911755619 0.08616623053399267 0.009900663346622349
0 0 0.08124757961195535 0.08124681776298205 0
0 0.02 0.07643346077200472 0.07643262773881993 0
0 0.04 0.07173385222067497 0.07173308412786548 0
0 0.06 0.06715744083699845 0.06715677483009905 0
0 0.08 0.06271257112383514 0.06271189113343076 0
0 0.1 0.05840709714212307 0.05840649743483148 0

0.02 -0.1 0.1014540428631246 0.1014528572493422 0.03748062096864231
0.02 -0.08 0.09638358501664909 0.09638236248125603 0.0283411567933042
0.02 -0.06 0.0913852182295149 0.09138418948611125 0.01901706319449774
0.02 -0.04 0.08646776786928172 0.08646666711829828 0.009504610410460491
0.02 -0.02 0.08164007955977222 0.08163909951021659 0
0.02 0 0.07691083374582831 0.07691004569906438 0
0.02 0.02 0.07228868577015423 0.07228793270510624 0
0.02 0.04 0.06778199033723372 0.06778141984145898 0
0.02 0.06 0.06339893566699025 0.06339842105266862 0
0.02 0.08 0.05914720094447455 0.05914680389545275 0
0.02 0.1 0.05503404900571513 0.05503364227977526 0

0.04 -0.1 0.0962946137253268 0.09629345533925452 0.0271759038858261
0.04 -0.08 0.09140607807196254 0.09140501365405769 0.018036439710488
0.04 -0.06 0.08659252143944206 0.08659150872640147 0.008712346111681532
0.04 -0.04 0.08186241060862439 0.08186137838813532 0
0.04 -0.02 0.07722403557509878 0.07722318206899477 0
0.04 0 0.072685715742325 0.07268505032690816 0
0.04 0.02 0.06825553697927243 0.06825509385714051 0
0.04 0.04 0.06394140153503875 0.06394096278867221 0
0.04 0.06 0.05975083469040625 0.05975042137995845 0
0.04 0.08 0.05569098124913129 0.05569076989367562 0
0.04 0.1 0.05176841865542283 0.05176826661501613 0

0.06 -0.1 0.09124775163321294 0.09124670848188492 0.0166630177093404
0.06 -0.08 0.0865427479070886 0.08654179191724516 0.007523553534002298
0.06 -0.06 0.08191525410113204 0.08191433483434663 0
0.06 -0.04 0.07737320236340383 0.07737248096854744 0
0.06 -0.02 0.07292455412456426 0.07292386794085674 0
0.06 0 0.0685771261925096 0.06857657133909742 0
0.06 0.02 0.0643384866010192 0.06433821588853592 0
0.06 0.04 0.06021601510307886 0.06021572484980055 0
0.06 0.06 0.05621666609200926 0.05621643509503122 0
0.06 0.08 0.0523469491575554 0.05234686333221872 0
0.06 0.1 0.04861296111971452 0.04861296147244497 0

0.08 -0.1 0.08632039890283702 0.08631961122719887 0.005937757144540936
0.08 -0.08 0.08180005035911786 0.0817991837754374 0
0.08 -0.06 0.07735926994702933 0.07735845548726592 0
0.08 -0.04 0.07300561860126901 0.07300506132884699 0
0.08 -0.02 0.06874662534920983 0.06874612435858989 0
0.08 0 0.06458956714388601 0.06458923203358358 0
0.08 0.02 0.06054156695468389 0.060541390015827 0
0.08 0.04 0.05660942841640131 0.05660927887145073 0
0.08 0.06 0.0527995160086951 0.05279951431350217 0
0.08 0.08 0.0491178397392249 0.04911792972971338 0
0.08 0.1 0.04556992100243287 0.04557006823563034 0

0.1 -0.1 0.08151902109971102 0.08151827475885796 0
0.1 -0.08 0.07718393734943539 0.07718320329905689 0
0.1 -0.06 0.0729300953723046 0.07292952894141414 0
0.1 -0.04 0.0687647182297364 0.06876428346090987 0
0.1 -0.02 0.0646947780561628 0.06469448776810712 0
0.1 0 0.06072713456529996 0.06072702058334485 0
0.1 0.02 0.05686838348092637 0.05686836585365791 0
0.1 0.04 0.0531247613501396 0.05312484332982526 0
0.1 0.06 0.04950213898579926 0.04950225293395455 0
0.1 0.08 0.04600594333899791 0.04600609006858577 0
0.1 0.1 0.04264101497540418 0.0426413467110395 0

