-0.1 -0.1 0.1078214304305584 0.1078187472980297 0.09516258196404043
-0.1 -0.08 0.1019259204271108 0.1019232342966287 0.08602311778870233
-0.1 -0.06 0.0961159387168032 0.0961132217681779 0.07669902418989586
-0.1 -0.04 0.09040458585950989 0.09040186237703324 0.06718657140585861
-0.1 -0.02 0.08480506668366252 0.08480235997909973 0.05748195432864257
-0.1 0 0.07933051755182443 0.07932784928403449 0.04758129098202022
-0.1 0.02 0.07399392125095764 0.07399128923934229 0.03748062096864231
-0.1 0.04 0.06880800093242509 0.06880526797802308 0.0271759038858261
-0.1 0.06 0.06378471456952619 0.06378183235195889 0.0166630177093404
-0.1 0.08 0.05893534987664943 0.05893240418097427 0.005937757144540936
-0.1 0.1 0.05427042175534808 0.05426749835723874 0

-0.08 -0.1 0.1023109202781779 0.1023081865218387 0.08602311778870233
-0.08 -0.08 0.09660976720595105 0.09660701647390424 0.07688365361336422
-0.08 -0.06 0.0909994511530096 0.09099666911637895 0.06755956001455776
-0.08 -0.04 0.085492565294397 0.0854897922251839 0.05804710723052051
-0.08 -0.02 0.08010175965173015 0.08009900983409338 0.04834249015330446
-0.08 0 0.0748395221846565 0.07483680225269489 0.03844182680668211
-0.08 0.02 0.06971816180982475 0.0697154007508146 0.0283411567933042
-0.08 0.04 0.06474948520391457 0.06474659389950047 0.018036439710488
-0.08 0.06 0.05994452791739093 0.05994157184613302 0.007523553534002298
-0.08 0.08 0.05531382711277961 0.05531085759294936 0
-0.08 0.1 0.0508669190865201 0.05086401455251224 0

-0.06 -0.1 0.09690776849193622 0.09690495582885386 0.07669902418989586
-0.06 -0.08 0.09140482627972243 0.09140198895374468 0.06755956001455776
-0.06 -0.06 0.08599750108891339 0.08599466988867147 0.05823546641575129
-0.06 -0.04 0.08069791601664112 0.08069509622013029 0.04872301363171404
-0.06 -0.02 0.07551808425159621 0.07551527632568116 0.039018396554498
-0.06 0 0.07046981360714692 0.07046701410106767 0.02911773320787565
-0.06 0.02 0.06556468849735268 0.06556178895033331 0.01901706319449774
-0.06 0.04 0.06081352134590489 0.06081057593310263 0.008712346111681532
-0.06 0.06 0.05622671571745192 0.056223706616027 0
-0.06 0.08 0.05181372269766327 0.05181079961085501 0
-0.06 0.1 0.04758328536613789 0.04758047478403515 0

-0.04 -0.1 0.09162095298339955 0.09161807261033008 0.06718657140585861
-0.04 -0.08 0.08631949859597763 0.08631661490208854 0.05804710723052051
-0.04 -0.06 0.0811179812080545 0.08111509912969249 0.04872301363171404
-0.04 -0.04 0.07602791852440506 0.07602504244430911 0.03921056084767679
-0.04 -0.02 0.07106066269024949 0.07105781112756615 0.02950594377046075
-0.04 0 0.06622740724820976 0.0662245108538158 0.0196052804238384
-0.04 0.02 0.06153879155127741 0.06153584836185768 0.009504610410460491
-0.04 0.04 0.05700496557297701 0.05700197510943382 0
-0.04 0.06 0.05263532745479773 0.05263236586676851 0
-0.04 0.08 0.04843856002774469 0.04843573865830294 0
-0.04 0.1 0.04442248131785269 0.04441979150965312 0

-0.02 -0.1 0.08645907976572828 0.08645615420386308 0.05748195432864257
-0.02 -0.08 0.08136184804509046 0.08135892319686352 0.04834249015330446
-0.02 -0.06 0.07636830363309487 0.07636537321343396 0.039018396554498
-0.02 -0.04 0.0714893302297306 0.07148642003517317 0.02950594377046075
-0.02 -0.02 0.06673565627960329 0.06673276721882146 0.0198013266932447
-0.02 0 0.06211773183982708 0.06211480053817942 0.009900663346622349
-0.02 0.02 0.05764540759856158 0.05764244137798695 0
-0.02 0.04 0.05332798148032811 0.05332501590586592 0
-0.02 0.06 0.0491739900679087 0.04917114614781494 0
-0.02 0.08 0.04519133132988626 0.04518866030826377 0
-0.02 0.1 0.04138686161901633 0.04138436664883991 0

0 -0.1 0.0814303206876132 0.08142735286942492 0.04758129098202022
0 -0.08 0.07653942044528822 0.07653644768425307 0.03844182680668211
0 -0.06 0.07175535335233853 0.07175239653932796 0.02911773320787565
0 -0.04 0.0670883998583791 0.06708549309960284 0.0196052804238384
0 -0.02 0.06254865667967533 0.06254575768438643 0.009900663346622349
0 0 0.05814577556116938 0.05814283448927058 0
0 0.02 0.05388883198050298 0.05388586227059908 0
0 0.04 0.04978618592792713 0.04978335563716108 0
0 0.06 0.04584574698832957 0.04584308796376908 0
0 0.08 0.04207448556636706 0.04207201134566172 0
0 0.1 0.03847835072740111 0.03847608102951656 0

0.02 -0.1 0.07654230953179126 0.0765393249826022 0.03748062096864231
0.02 -0.08 0.07185917251514037 0.07185619950138365 0.0283411567933042
0.02 -0.06 0.06728544815450358 0.06728252253465273 0.01901706319449774
0.02 -0.04 0.06283081725567289 0.06282794678544583 0.009504610410460491
0.02 -0.02 0.05850469856897702 0.05850179622389637 0
0.02 0 0.05431590038709075 0.054312966852473 0
0.02 0.02 0.05027263246606976 0.05026981836070547 0
0.02 0.04 0.04638269405920829 0.0463800652925634 0
0.02 0.06 0.04265309530070279 0.04265064847587525 0
0.02 0.08 0.03908991215407008 0.03908766690581102 0
0.02 0.1 0.03569827659064221 0.03569625575994267 0

0.04 -0.1 0.07180211628388331 0.07179913029775491 0.0271759038858261
0.04 -0.08 0.06732750202656349 0.06732456867478295 0.018036439710488
0.04 -0.06 0.06296432005263378 0.06296146696744728 0.008712346111681532
0.04 -0.04 0.05872166268475344 0.05871882050831304 0
0.04 -0.02 0.0546081189236125 0.05460525154014695 0
0.04 0 0.0506316894378263 0.05062891632435545 0
0.04 0.02 0.04679999249638963 0.04679739679844895 0
0.04 0.04 0.04312001494085811 0.04311761360931229 0
0.04 0.06 0.03959790855546372 0.03959570310828481 0
0.04 0.08 0.03623896369575582 0.03623694389660292 0
0.04 0.1 0.03304738756507029 0.0330456808744044 0

0.06 -0.1 0.0672161005813259 0.06721316388593416 0.0166630177093404
0.06 -0.08 0.06295012322025551 0.06294726975349828 0.007523553534002298
0.06 -0.06 0.05879706013209758 0.05879426687978235 0
0.06 -0.04 0.05476528610944495 0.05476248110811803 0
0.06 -0.02 0.05086255791973045 0.05085983024383344 0
0.06 0 0.04709629924502424 0.04709373929383408 0
0.06 0.02 0.04347337810802268 0.04347102492484122 0
0.06 0.04 0.04000000645158254 0.03999783117676857 0
0.06 0.06 0.03668149743773402 0.03667951768600001 0
0.06 0.08 0.03352231392532993 0.03352057875891127 0
0.06 0.1 0.03052593122377619 0.03052460430925628 0

0.08 -0.1 0.06278997898724486 0.06278716546769742 0.005937757144540936
0.08 -0.08 0.05873210223705631 0.05872936280263256 0
0.08 -0.06 0.05478799589002651 0.05478530138457498 0
0.08 -0.04 0.0509652767558499 0.05096263450931349 0
0.08 -0.02 0.04727106008662347 0.04726857924080118 0
0.08 0 0.04371212352614764 0.04370984006438515 0
0.08 0.02 0.04029463213722534 0.04029248968985569 0
0.08 0.04 0.03702386395258801 0.03702192177636074 0
0.08 0.06 0.0339044729968042 0.03390274968183007 0
0.08 0.08 0.03094006550527993 0.03093872313547568 0
0.08 0.1 0.02813368472784226 0.02813271726491191 0

0.1 -0.1 0.0585287582705665 0.05852608882437099 0
0.1 -0.08 0.05467769768142415 0.0546751105768613 0
0.1 -0.06 0.0509406875957807 0.05093814951627719 0
0.1 -0.04 0.04732459077905343 0.0473221963700505 0
0.1 -0.02 0.04383599871180745 0.04383378049287681 0
0.1 0 0.04048099456608123 0.04047890014605725 0
0.1 0.02 0.03726480575141498 0.03726290387468994 0
0.1 0.04 0.03419213194046146 0.03419045984075966 0
0.1 0.06 0.0312668147581272 0.03126546991868241 0
0.1 0.08 0.02849196184229796 0.02849098395345174 0
0.1 0.1 0.02586993079092923 0.02586920901986975 0

