-0.1 -0.1 0.1078221527537424 0.1078187472980297 0.09516258196404043
-0.1 -0.08 0.1019266942665181 0.1019232342966287 0.08602311778870233
-0.1 -0.06 0.09611672586166689 0.0961132217681779 0.07669902418989586
-0.1 -0.04 0.09040537104462325 0.09040186237703324 0.06718657140585861
-0.1 -0.02 0.08480583842421222 0.08480235997909973 0.05748195432864257
-0.1 0 0.07933127846066167 0.07932784928403449 0.04758129098202022
-0.1 0.02 0.0739946919676564 0.07399128923934229 0.03748062096864231
-0.1 0.04 0.06880870968909551 0.06880526797802308 0.0271759038858261
-0.1 0.06 0.06378535782168767 0.06378183235195889 0.0166630177093404
-0.1 0.08 0.05893594613232367 0.05893240418097427 0.005937757144540936
-0.1 0.1 0.05427096691342077 0.05426749835723874 0

-0.08 -0.1 0.1023116904046751 0.1023081865218387 0.08602311778870233
-0.08 -0.08 0.09661054865860064 0.09660701647390424 0.07688365361336422
-0.08 -0.06 0.09100021896533774 0.09099666911637895 0.06755956001455776
-0.08 -0.04 0.08549331053544868 0.0854897922251839 0.05804710723052051
-0.08 -0.02 0.08010247781216168 0.08009900983409338 0.04834249015330446
-0.08 0 0.07484025397493218 0.07483680225269489 0.03844182680668211
-0.08 0.02 0.06971886347114279 0.0697154007508146 0.0283411567933042
-0.08 0.04 0.06475011719435808 0.06474659389950047 0.018036439710488
-0.08 0.06 0.05994513612844503 0.05994157184613302 0.007523553534002298
-0.08 0.08 0.05531438849766879 0.05531085759294936 0
-0.08 0.1 0.05086737942253757 0.05086401455251224 0

-0.06 -0.1 0.09690853904441754 0.09690495582885386 0.07669902418989586
-0.06 -0.08 0.09140559016172943 0.09140198895374468 0.06755956001455776
-0.06 -0.06 0.0859982290889793 0.08599466988867147 0.05823546641575129
-0.06 -0.04 0.08069861013788802 0.08069509622013029 0.04872301363171404
-0.06 -0.02 0.07551876574531255 0.07551527632568116 0.039018396554498
-0.06 0 0.07047049657306914 0.07046701410106767 0.02911773320787565
-0.06 0.02 0.06556532515655789 0.06556178895033331 0.01901706319449774
-0.06 0.04 0.06081413404594421 0.06081057593310263 0.008712346111681532
-0.06 0.06 0.05622728754797699 0.056223706616027 0
-0.06 0.08 0.05181422115595729 0.05181079961085501 0
-0.06 0.1 0.04758369350234969 0.04758047478403515 0

-0.04 -0.1 0.09162172409343707 0.09161807261033008 0.06718657140585861
-0.04 -0.08 0.08632021818622238 0.08631661490208854 0.05804710723052051
-0.04 -0.06 0.08111865782446313 0.08111509912969249 0.04872301363171404
-0.04 -0.04 0.07602857083753268 0.07602504244430911 0.03921056084767679
-0.04 -0.02 0.07106132254840657 0.07105781112756615 0.02950594377046075
-0.04 0 0.06622805587254982 0.0662245108538158 0.0196052804238384
-0.04 0.02 0.06153941304594752 0.06153584836185768 0.009504610410460491
-0.04 0.04 0.0570055610034091 0.05700197510943382 0
-0.04 0.06 0.05263585145970922 0.05263236586676851 0
-0.04 0.08 0.04843900190636467 0.04843573865830294 0
-0.04 0.1 0.04442289215258836 0.04441979150965312 0

-0.02 -0.1 0.08645978997897449 0.08645615420386308 0.05748195432864257
-0.02 -0.08 0.08136252857017985 0.08135892319686352 0.04834249015330446
-0.02 -0.06 0.07636893576634815 0.07636537321343396 0.039018396554498
-0.02 -0.04 0.07148997336726401 0.07148642003517317 0.02950594377046075
-0.02 -0.02 0.06673631985327464 0.06673276721882146 0.0198013266932447
-0.02 0 0.06211837941172667 0.06211480053817942 0.009900663346622349
-0.02 0.02 0.05764602541928553 0.05764244137798695 0
-0.02 0.04 0.05332851752196596 0.05332501590586592 0
-0.02 0.06 0.04917446218303761 0.04917114614781494 0
-0.02 0.08 0.04519177564630632 0.04518866030826377 0
-0.02 0.1 0.0413873301042249 0.04138436664883991 0

0 -0.1 0.08143100739043172 0.08142735286942492 0.04758129098202022
0 -0.08 0.07654005821904581 0.07653644768425307 0.03844182680668211
0 -0.06 0.0717559832165296 0.07175239653932796 0.02911773320787565
0 -0.04 0.0670890660696428 0.06708549309960284 0.0196052804238384
0 -0.02 0.06254932805981304 0.06254575768438643 0.009900663346622349
0 0 0.05814641831364763 0.05814283448927058 0
0 0.02 0.05388937745887122 0.05388586227059908 0
0 0.04 0.04978668430393064 0.04978335563716108 0
0 0.06 0.04584622837929419 0.04584308796376908 0
0 0.08 0.04207497671176565 0.04207201134566172 0
0 0.1 0.03847885211624229 0.03847608102951656 0

0.02 -0.1 0.07654297580617075 0.0765393249826022 0.03748062096864231
0.02 -0.08 0.07185981236298846 0.07185619950138365 0.0283411567933042
0.02 -0.06 0.06728611787103366 0.06728252253465273 0.01901706319449774
0.02 -0.04 0.06283151152825107 0.06282794678544583 0.009504610410460491
0.02 -0.02 0.05850537275329544 0.05850179622389637 0
0.02 0 0.05431646487067339 0.054312966852473 0
0.02 0.02 0.05027315453549654 0.05026981836070547 0
0.02 0.04 0.04638321201294143 0.0463800652925634 0
0.02 0.06 0.04265361956523691 0.04265064847587525 0
0.02 0.08 0.03909043785118244 0.03908766690581102 0
0.02 0.1 0.03569883365783884 0.03569625575994267 0

0.04 -0.1 0.07180277463125348 0.07179913029775491 0.0271759038858261
0.04 -0.08 0.06732818082461678 0.06732456867478295 0.018036439710488
0.04 -0.06 0.06296502746288745 0.06296146696744728 0.008712346111681532
0.04 -0.04 0.05872236886816752 0.05871882050831304 0
0.04 -0.02 0.05460871540232409 0.05460525154014695 0
0.04 0 0.05063223193251469 0.05062891632435545 0
0.04 0.02 0.04680053943056914 0.04679739679844895 0
0.04 0.04 0.04312056622489027 0.04311761360931229 0
0.04 0.06 0.03959846253817484 0.03959570310828481 0
0.04 0.08 0.03623953986658835 0.03623694389660292 0
0.04 0.1 0.0330480476135236 0.0330456808744044 0

0.06 -0.1 0.06721679251151887 0.06721316388593416 0.0166630177093404
0.06 -0.08 0.06295084046713222 0.06294726975349828 0.007523553534002298
0.06 -0.06 0.05879777655758567 0.05879426687978235 0
0.06 -0.04 0.05476591617950764 0.05476248110811803 0
0.06 -0.02 0.05086312632500129 0.05085983024383344 0
0.06 0 0.04709686221066774 0.04709373929383408 0
0.06 0.02 0.04347395450239913 0.04347102492484122 0
0.06 0.04 0.0400005885706388 0.03999783117676857 0
0.06 0.06 0.03668210546860855 0.03667951768600001 0
0.06 0.08 0.03352296898052257 0.03352057875891127 0
0.06 0.1 0.03052670802258052 0.03052460430925628 0

0.08 -0.1 0.06279071562443631 0.06278716546769742 0.005937757144540936
0.08 -0.08 0.05873282428149364 0.05872936280263256 0
0.08 -0.06 0.05478867982723966 0.05478530138457498 0
0.08 -0.04 0.05096588434171522 0.05096263450931349 0
0.08 -0.02 0.04727165499105527 0.04726857924080118 0
0.08 0 0.04371272668351618 0.04370984006438515 0
0.08 0.02 0.04029523901124557 0.04029248968985569 0
0.08 0.04 0.03702450775927309 0.03702192177636074 0
0.08 0.06 0.03390514732834225 0.03390274968183007 0
0.08 0.08 0.03094084893097829 0.03093872313547568 0
0.08 0.1 0.02813456453081628 0.02813271726491191 0

0.1 -0.1 0.05852951323480892 0.05852608882437099 0
0.1 -0.08 0.05467843422775758 0.0546751105768613 0
0.1 -0.06 0.05094133972578146 0.05093814951627719 0
0.1 -0.04 0.04732521109604568 0.0473221963700505 0
0.1 -0.02 0.04383662699678152 0.04383378049287681 0
0.1 0 0.04048162893203075 0.04047890014605725 0
0.1 0.02 0.03726548502677593 0.03726290387468994 0
0.1 0.04 0.03419284269203014 0.03419045984075966 0
0.1 0.06 0.03126760129339905 0.03126546991868241 0
0.1 0.08 0.0284928403560885 0.02849098395345174 0
0.1 0.1 0.02587084453791199 0.02586920901986975 0

