-0.1 -0.1 0.1343529320332685 0.1343502137706805 0.09516258196404043
-0.1 -0.08 0.128248212040185 0.1282455428506499 0.08602311778870233
-0.1 -0.06 0.1221907850785776 0.12218820456881 0.07669902418989586
-0.1 -0.04 0.1161914736783402 0.1161889748870354 0.06718657140585861
-0.1 -0.02 0.1102613230093492 0.1102589150494619 0.05748195432864257
-0.1 0 0.1044115889718894 0.1044092985735789 0.04758129098202022
-0.1 0.02 0.09865370621465011 0.0986515328415454 0.03748062096864231
-0.1 0.04 0.0929991184906415 0.09299706917992601 0.0271759038858261
-0.1 0.06 0.0874592281918946 0.08745730576183454 0.0166630177093404
-0.1 0.08 0.08204526119501096 0.08204348566136068 0.005937757144540936
-0.1 0.1 0.0767682702528308 0.07676658355781481 0

-0.08 -0.1 0.1286785288148863 0.1286758488324385 0.08602311778870233
-0.08 -0.08 0.1227374190802561 0.122734816213444 0.07688365361336422
-0.08 -0.06 0.1168485651881591 0.1168460493373933 0.06755956001455776
-0.08 -0.04 0.1110224952072065 0.111020061361556 0.05804710723052051
-0.08 -0.02 0.1052699111792912 0.1052675958369051 0.04834249015330446
-0.08 0 0.09960175497276184 0.09959955627283721 0.03844182680668211
-0.08 0.02 0.09402900675277241 0.09402692810266768 0.0283411567933042
-0.08 0.04 0.08856264696012987 0.08856068986357528 0.018036439710488
-0.08 0.06 0.0832135432717148 0.08321171710076308 0.007523553534002298
-0.08 0.08 0.07799240198848427 0.07799068136555124 0
-0.08 0.1 0.07290957145697232 0.07290794499192919 0

-0.06 -0.1 0.1230698765417247 0.1230672623675726 0.07669902418989586
-0.06 -0.08 0.1172963596214206 0.1172938251492042 0.06755956001455776
-0.06 -0.06 0.1115797481705374 0.1115772921415559 0.05823546641575129
-0.06 -0.04 0.1059302229164271 0.1059278836368056 0.04872301363171404
-0.06 -0.02 0.1003582211890511 0.1003560004312631 0.039018396554498
-0.06 0 0.09487425284850947 0.09487215417327156 0.02911773320787565
-0.06 0.02 0.08948887923759984 0.08948688626048052 0.01901706319449774
-0.06 0.04 0.08421255487360843 0.08421068334538301 0.008712346111681532
-0.06 0.06 0.07905563735322859 0.07905388245359821 0
-0.06 0.08 0.07402822561595346 0.07402657354556234 0
-0.06 0.1 0.06914005184970875 0.06913849955122538 0

-0.04 -0.1 0.1175352011776424 0.1175326415897187 0.06718657140585861
-0.04 -0.08 0.1119329042538164 0.1119304317873774 0.05804710723052051
-0.04 -0.06 0.1063918095708314 0.1063894488975994 0.04872301363171404
-0.04 -0.04 0.1009218309552936 0.1009195942074536 0.03921056084767679
-0.04 -0.02 0.09553301986877687 0.09553090219422431 0.02950594377046075
-0.04 0 0.0902354862597011 0.09023346892351039 0.0196052804238384
-0.04 0.02 0.08503928329363841 0.08503737385455878 0.009504610410460491
-0.04 0.04 0.07995437715820403 0.07995259722586568 0
-0.04 0.06 0.07499060510191461 0.07498892511609448 0
-0.04 0.08 0.07015742568809727 0.07015585919493396 0
-0.04 0.1 0.06546399495052865 0.06546251802006735 0

-0.02 -0.1 0.112082574244239 0.1120800877678416 0.05748195432864257
-0.02 -0.08 0.1066547576139072 0.1066523848908004 0.04834249015330446
-0.02 -0.06 0.1012921489361349 0.1012898951799045 0.039018396554498
-0.02 -0.04 0.09600431453552361 0.09600217670498115 0.02950594377046075
-0.02 -0.02 0.09080091915819378 0.09079887720561749 0.0198013266932447
-0.02 0 0.08569159185360773 0.08568965903493626 0.009900663346622349
-0.02 0.02 0.08068593747585227 0.08068412372740403 0
-0.02 0.04 0.07579343235301125 0.07579173076107967 0
-0.02 0.06 0.07102328654854636 0.07102170673611491 0
-0.02 0.08 0.06638445211912358 0.06638296185451493 0
-0.02 0.1 0.06188535022915781 0.06188398915885298 0

0 -0.1 0.1067199507214076 0.1067175671726666 0.04758129098202022
0 -0.08 0.1014695339833084 0.1014672669678621 0.03844182680668211
0 -0.06 0.09628796741311642 0.09628581245375035 0.02911773320787565
0 -0.04 0.09118445629229239 0.09118239924220169 0.0196052804238384
0 -0.02 0.0861682199859774 0.0861662676268547 0.009900663346622349
0 0 0.08124847619065977 0.08124662841506791 0
0 0.02 0.07643432061963518 0.07643259466478658 0
0 0.04 0.07173469450068141 0.07173309514044593 0
0 0.06 0.06715829276842386 0.06715679300969944 0
0 0.08 0.0627133532746733 0.06271200255599414 0
0 0.1 0.05840779096564589 0.05840659523016201 0

0.02 -0.1 0.1014551301980856 0.1014528594205319 0.03748062096864231
0.02 -0.08 0.09638461620303862 0.09638244780727094 0.0283411567933042
0.02 -0.06 0.09138621458263221 0.09138414590081655 0.01901706319449774
0.02 -0.04 0.08646873643580628 0.08646676870358648 0.009504610410460491
0.02 -0.02 0.08164100984418378 0.08163913222231276 0
0.02 0 0.07691173129888375 0.07690998514784018 0
0.02 0.02 0.07228955581155029 0.07228793860886468 0
0.02 0.04 0.06778287815803425 0.06778138480314008 0
0.02 0.06 0.06339976803999313 0.06339842263561007 0
0.02 0.08 0.05914796269708742 0.05914677096895207 0
0.02 0.1 0.05503471186648737 0.05503368928547662 0

0.04 -0.1 0.09629567457301377 0.09629350204909655 0.0271759038858261
0.04 -0.08 0.091407112613192 0.09140503027478214 0.018036439710488
0.04 -0.06 0.08659353632919319 0.08659155319802933 0.008712346111681532
0.04 -0.04 0.08186338167741101 0.08186148798736701 0
0.04 -0.02 0.07722497255740038 0.07722321223474341 0
0.04 0 0.0726866248856447 0.07268500279606309 0
0.04 0.02 0.0682564434347448 0.06825496210859548 0
0.04 0.04 0.06394228332057866 0.06394094433872674 0
0.04 0.06 0.05975166352538712 0.0597504816243827 0
0.04 0.08 0.0556917086801042 0.05569070533396766 0
0.04 0.1 0.05176908817575636 0.05176827030011209 0

0.06 -0.1 0.0912488345907796 0.09124674019040005 0.0166630177093404
0.06 -0.08 0.08654380841624839 0.08654180422439687 0.007523553534002298
0.06 -0.06 0.08191625694980413 0.08191435942917279 0
0.06 -0.04 0.07737416943484615 0.07737240980308981 0
0.06 -0.02 0.0729255009713513 0.07292388699750669 0
0.06 0 0.06857805889892176 0.06857658637053031 0
0.06 0.02 0.06433941980193328 0.06433809788208396 0
0.06 0.04 0.06021690747791643 0.06021573779861466 0
0.06 0.06 0.05621745740976744 0.05621647632528773 0
0.06 0.08 0.05234767083824355 0.05234686546476747 0
0.06 0.1 0.04861361999451867 0.04861296772086919 0

0.08 -0.1 0.0863214949504601 0.08631947500749599 0.005937757144540936
0.08 -0.08 0.08180108721674824 0.08179919785388946 0
0.08 -0.06 0.07736026794386708 0.07735851281243417 0
0.08 -0.04 0.07300660089052411 0.07300500094925855 0
0.08 -0.02 0.06874760226461037 0.06874613875762926 0
0.08 0 0.06459054535695327 0.06458923593002714 0
0.08 0.02 0.06054252492690841 0.06054137128907197 0
0.08 0.04 0.05661028544288508 0.05660932464904902 0
0.08 0.06 0.05280029166215469 0.05279951184887051 0
0.08 0.08 0.04911855452824042 0.04911791581115775 0
0.08 0.1 0.04557060418195733 0.04557002242815072 0

0.1 -0.1 0.08152009281315501 0.08151821360360589 0
0.1 -0.08 0.07718496640161598 0.07718323118332804 0
0.1 -0.06 0.07293111988431699 0.07292954260128952 0
0.1 -0.04 0.06876574711293666 0.06876429905210426 0
0.1 -0.02 0.06469580817751934 0.06469451753717084 0
0.1 0 0.0607281434713717 0.06072702015335542 0
0.1 0.02 0.0568693078655823 0.05686837568350042 0
0.1 0.04 0.05312559298730355 0.05312483549931133 0
0.1 0.06 0.04950291069194623 0.04950227016845125 0
0.1 0.08 0.04600667371175529 0.04600610853508797 0
0.1 0.1 0.04264175346000963 0.04264127653279949 0

