-0.1 -0.1 0.1269947703933931 0.1269358223063649 0.09516258196404043
-0.1 -0.08 0.1206169078327683 0.1205617328392987 0.08602311778870233
-0.1 -0.06 0.1142970457832842 0.1142457956109856 0.07669902418989586
-0.1 -0.04 0.1080484926025368 0.108001720780922 0.06718657140585861
-0.1 -0.02 0.1018846043397345 0.1018436138284063 0.05748195432864257
-0.1 0 0.09581980184464249 0.0957858343297458 0.04758129098202022
-0.1 0.02 0.08987080100969062 0.08984289117417205 0.03748062096864231
-0.1 0.04 0.08405238306140365 0.08402924707950845 0.0271759038858261
-0.1 0.06 0.07837878320396288 0.07835918934889575 0.0166630177093404
-0.1 0.08 0.0728622950791075 0.07284666253799203 0.005937757144540936
-0.1 0.1 0.067518488100771 0.06750506326448722 0

-0.08 -0.1 0.1210970679946407 0.1210411090974801 0.08602311778870233
-0.08 -0.08 0.1148963324936949 0.1148442187805895 0.07688365361336422
-0.08 -0.06 0.1087608916604782 0.1087121330701162 0.06755956001455776
-0.08 -0.04 0.1027018650820979 0.1026582374996746 0.05804710723052051
-0.08 -0.02 0.09673322368922155 0.09669624352851662 0.04834249015330446
-0.08 0 0.09087045601059221 0.09084002306686613 0.03844182680668211
-0.08 0.02 0.08512922772836965 0.08510349543843939 0.0283411567933042
-0.08 0.04 0.07952260268066298 0.07950047599479598 0.018036439710488
-0.08 0.06 0.07406247179411433 0.07404451346432143 0.007523553534002298
-0.08 0.08 0.06876390112275343 0.06874871943064808 0
-0.08 0.1 0.06363893510964424 0.06362562116071252 0

-0.06 -0.1 0.1152803627675044 0.1152271328209825 0.07669902418989586
-0.06 -0.08 0.1092631055598752 0.1092127692240656 0.06755956001455776
-0.06 -0.06 0.1033153182863056 0.1032694823627656 0.05823546641575129
-0.06 -0.04 0.09745015171258491 0.09741028581979663 0.04872301363171404
-0.06 -0.02 0.09168150247150132 0.09164844864165829 0.039018396554498
-0.06 0 0.08602552673859311 0.08599731140182561 0.02911773320787565
-0.06 0.02 0.08049453619538629 0.0804701667168006 0.01901706319449774
-0.06 0.04 0.07510063400261807 0.07508014837357476 0.008712346111681532
-0.06 0.06 0.06985725882015203 0.0698400390691048 0
-0.06 0.08 0.06477705738858444 0.06476209760757219 0
-0.06 0.1 0.05987203858560321 0.0598579674361628 0

-0.04 -0.1 0.1095558606412101 0.1095039099568851 0.06718657140585861
-0.04 -0.08 0.1037245896413719 0.1036769831788089 0.05804710723052051
-0.04 -0.06 0.0979690583421804 0.09792698549926474 0.04872301363171404
-0.04 -0.04 0.09230242221124951 0.09226651832718441 0.03921056084767679
-0.04 -0.02 0.08673888192287528 0.08670835782535263 0.02950594377046075
-0.04 0 0.08129202675984868 0.08126527419012548 0.0196052804238384
-0.04 0.02 0.07597319282049246 0.07594991129401394 0.009504610410460491
-0.04 0.04 0.07079431169234123 0.07077468337025519 0
-0.04 0.06 0.06576849312246872 0.06575157918185614 0
-0.04 0.08 0.06090757361589795 0.06089200171372211 0
-0.04 0.1 0.05622106636715134 0.05620669806406789 0

-0.02 -0.1 0.1039302005256604 0.103881273983905 0.05748195432864257
-0.02 -0.08 0.09829020655607966 0.09824622217052573 0.04834249015330446
-0.02 -0.06 0.09273226606358863 0.09269350175049502 0.039018396554498
-0.02 -0.04 0.08726837703616693 0.08723526262184807 0.02950594377046075
-0.02 -0.02 0.0819129055604645 0.08188374196728512 0.0198013266932447
-0.02 0 0.07667699583726672 0.07665110328583409 0.009900663346622349
-0.02 0.02 0.07157154685303335 0.071549319705326 0
-0.02 0.04 0.06660896187454515 0.06659005802842384 0
-0.02 0.06 0.06180132603049359 0.06178449541502876 0
-0.02 0.08 0.05715876359060956 0.05714317697032792 0
-0.02 0.1 0.05269004148183382 0.05267594690036314 0

0 -0.1 0.09841466215372633 0.09836882066462816 0.04758129098202022
0 -0.08 0.09297081232326858 0.09292957793454432 0.03844182680668211
0 -0.06 0.08761329883590284 0.08757758382835061 0.02911773320787565
0 -0.04 0.08235642371299278 0.08232449941388408 0.0196052804238384
0 -0.02 0.07721058197714488 0.07718198699666274 0.009900663346622349
0 0 0.07218669949575161 0.07216157342089083 0
0 0.02 0.06729562221911743 0.06727453920472297 0
0 0.04 0.06255034137352785 0.0625317846587616 0
0 0.06 0.05796033851787055 0.057943666801848 0
0 0.08 0.05353435734555781 0.0535198732637123 0
0 0.1 0.04928194157787419 0.04926934569203017 0

0.02 -0.1 0.0930192241949896 0.09297582849113151 0.03748062096864231
0.02 -0.08 0.08777413653495133 0.0877357767409441 0.0283411567933042
0.02 -0.06 0.08262229700785044 0.08258737449064657 0.01901706319449774
0.02 -0.04 0.07757317796645472 0.07754175957396792 0.009504610410460491
0.02 -0.02 0.07263806970638242 0.07260999828743207 0
0.02 0 0.06782638507764792 0.06780296007705019 0
0.02 0.02 0.06315161612415764 0.0631312111902218 0
0.02 0.04 0.05862208879578062 0.0586048686604594 0
0.02 0.06 0.05424818083042388 0.05423346356634646 0
0.02 0.08 0.05003898590326582 0.05002583006191376 0
0.02 0.1 0.04599917245549121 0.04599001726699547 0

0.04 -0.1 0.08775225350391091 0.08771116257273591 0.0271759038858261
0.04 -0.08 0.08271116928437253 0.08267308308321866 0.018036439710488
0.04 -0.06 0.07776481030767792 0.07773052579374377 0.008712346111681532
0.04 -0.04 0.0729245980624506 0.07289407097274312 0
0.04 -0.02 0.06820024145662097 0.068174168142612 0
0.04 0 0.06360322989620515 0.06358100883624389 0
0.04 0.02 0.05914225836103371 0.05912442337325723 0
0.04 0.04 0.05482862206741107 0.05481374351842437 0
0.04 0.06 0.05067089891433962 0.05065768341500189 0
0.04 0.08 0.04667334264633256 0.04666422782621191 0
0.04 0.1 0.04284455198239868 0.04284054653359682 0

0.06 -0.1 0.08262445361166967 0.08258323056491991 0.0166630177093404
0.06 -0.08 0.07778619418438544 0.07774929122598024 0.007523553534002298
0.06 -0.06 0.0730472880015693 0.07301419885006926 0
0.06 -0.04 0.06841656302269102 0.06838794760494749 0
0.06 -0.02 0.06390430448217659 0.06388035058907862 0
0.06 0 0.0595195955623695 0.05950090509535804 0
0.06 0.02 0.05527379111840564 0.0552586923247212 0
0.06 0.04 0.05117511730497247 0.05116226653467792 0
0.06 0.06 0.04722807696037786 0.04721954196471603 0
0.06 0.08 0.04344174206751717 0.04343766483301167 0
0.06 0.1 0.03982224054168492 0.03982294466394078 0

0.08 -0.1 0.0776394999102011 0.07759988965152915 0.005937757144540936
0.08 -0.08 0.07300719653627242 0.07297160866621583 0
0.08 -0.06 0.06847597100050561 0.0684449316162782 0
0.08 -0.04 0.06405482328469301 0.06402925219240392 0
0.08 -0.02 0.05975371890087265 0.05973373010747625 0
0.08 0 0.0555824875977128 0.05556716230122114 0
0.08 0.02 0.05154974865669329 0.05153788835960733 0
0.08 0.04 0.04766123956243647 0.0476536834994223 0
0.08 0.06 0.04392536419258647 0.04392166556773276 0
0.08 0.08 0.04034743228360863 0.04034816957116043 0
0.08 0.1 0.03693413659244571 0.03693867644254729 0

0.1 -0.1 0.07280626762350008 0.07276838656017704 0
0.1 -0.08 0.06837992364852298 0.06834660428421 0
0.1 -0.06 0.0640558350312622 0.06402861527089814 0
0.1 -0.04 0.05984430744371246 0.05982319974086196 0
0.1 -0.02 0.05575418348783439 0.05573885092755653 0
0.1 0 0.05179407257125295 0.05178366209830853 0
0.1 0.02 0.04797170140366126 0.04796523969859109 0
0.1 0.04 0.04429343322763269 0.04429058920536828 0
0.1 0.06 0.0407653735296807 0.0407660461884973 0
0.1 0.08 0.03739280443988191 0.03739716225641737 0
0.1 0.1 0.03418038191895711 0.0341886250761236 0

